00000000001100000000010010010011
00000000000101001000010010010011
00000000000100000000001010010011
00000000000100000000100100010011
00000000100100101101111001100011
00000001001000000000010100110011
00000000010100000000010110110011
00000001100000000000000011101111
00000000101000000000100100110011
00000000000100101000001010010011
11111110100111111111111011101111
00000001001000000010000000100011
00000010010000000000000011101111
00000000000000000000111000010011
00000000101000000000011000110011
00000000000000000000010100010011
00000000101111100101100001100011
00000000110001010000010100110011
00000000000111100000111000010011
11111111010111111111111011101111
00000000000000001000000011100111
